date,value_date,description,debit,credit,balance,channel,transaction_reference,row_issue
2025-02-23 09:05:38,2025-02-23,USSD Charge,-10.0,0.0,212.51,CHARGES,250223140200390508050135,
2025-02-04 09:06:00,2025-02-23,Airtime,-100.0,0.0,112.51,CHARGES,250223100100390496631419,
,2025-02-23,Airtime,-100.0,0.0,12.51,OTHER,250223100100391283618513,
,2025-02-23,Transfer from ILAH ISMAIL KAMILU,0.0,15000.0,15012.51,OTHER,000018250223110238000934279848,
,2025-02-23,Electronic Money Transfer Levy,-50.0,0.0,14962.51,OTHER,250223140200391692941408,
2025-02-23 11:11:40,2025-02-23,"Transfer to ABDULKADIR, BELLO JAMO",-1000.0,0.0,13962.51,OTHER,10000425022311144127757873872,
2025-02-23 14:53:20,2025-02-23,Transfer to AMEENA ILAH KAMILU,-1500.0,0.0,12462.51,OTHER,250223010100394942390084,
,2025-02-23,Transfer from AMEENA ILAH KAMILU,0.0,5000.0,17462.51,OTHER,250223010100399776564927,
2025-02-23 21:00:07,2025-02-23,Transfer to Al Ayyub Bread,-1500.0,0.0,15962.51,OTHER,100004250223210011127792625062,
2025-02-23 21:06:40,2025-02-23,Transfer to Aminu Phone Accessories POS,-3600.0,0.0,12362.51,OTHER,100004250223210700127792909755,
