date,value_date,description,debit,credit,balance,channel,transaction_reference
2025-02-24 07:36:01,2025-02-24,Airtime,-100.0,0.0,12262.51,OTHER,25022400100403432067589
2025-02-24 07:45:34,2025-02-01,Transfer to POS Transfer- SIUTO YAQUBA ADAMU,-620.0,0.0,11642.51,OTHER,100004250224074538127802252344
2025-02-24 11:11:39,2025-02-24,Transfer to ABUBAKAR SABITU,-2500.0,0.0,9142.51,OTHER,250224010100406575000661
2025-02-24 14:40:23,2025-02-24,Transfer to MOHAMMED ALHASSAN,-1000.0,0.0,8142.51,OTHER,250224010100409515247439
2025-02-24 14:46:37,2025-02-01,Transfer to SAI GODIYA FURA DA NONO,-1400.0,0.0,6742.51,OTHER,100004250224144641127828867055
2025-02-24 19:23:05,2025-02-24,Airtime,-300.0,0.0,6442.51,OTHER,250224100100414074746403
2025-02-25 09:01:12,2025-02-25,Airtime,-900.0,0.0,5542.51,OTHER,250225100100420175073568
2025-02-25 10:03:27,2025-02-25,Transfer to POS Transfer- SIUTO YAQUBA ADAMU,-250.0,0.0,5292.51,OTHER,100004250225100332127870738952
2025-02-25 11:55:26,2025-02-25,Transfer to AUWALU SHUAIBU,-2800.0,0.0,249251.0,OTHER,250225010100422817672012
2025-02-25 14:17:22,2025-02-25,Airtime,-200.0,0.0,2292.51,OTHER,250225100100424521232883
2025-02-25 17:08:26,2025-02-25,Transfer from AMEENA ILAH KAMILU,0.0,2000.0,4292.51,OTHER,250225010100427072249023
2025-02-25 17:11:49,2025-02-25,Transfer to SKY STAR,-4000.0,0.0,292.51,OTHER,100004250225171153127898234559
2025-02-25 21:40:52,2025-02-25,Airtime,-217.0,0.0,1075.51,OTHER,250225100100431511610761
2025-02-26 18:27:47,2025-02-26,Airtime,-70.0,0.0,5.51,OTHER,250226100100443908348704
2025-02-27 20:35:29,2025-02-27,Transfer from EaseMoni,0.0,8000.0,8005.51,OTHER,250227010200461904349968
2025-02-28 05:20:59,2025-02-28,Airtime,-500.0,0.0,7505.51,OTHER,250228100100464402605411
2025-02-28 11:03:06,2025-02-28,Transfer from ILAH ISMAIL KAMILU,0.0,20000.0,27505.51,OTHER,000018250228120204000936726199
2025-02-28 11:03:11,2025-02-28,Electronic Money Transfer Levy,-50.0,0.0,27455.51,OTHER,250228140200468874023561
2025-02-28 15:41:22,2025-02-28,Transfer from ILAH ISMAIL KAMILU,0.0,100000.0,127455.51,OTHER,000018250228160220000936905867
2025-02-28 15:41:27,2025-02-28,Electronic Money Transfer Levy,-50.0,0.0,127405.51,OTHER,250228140200473101034883
2025-02-28 15:46:27,2025-02-28,Transfer to PEGASUS NIG LTD,-100000.0,0.0,27405.51,OTHER,100004250228154632128079573133
