Trans. Time,Value Date,Description,Debit/Credit(W),Balance(N),Channel,Transaction Reference
2025 Feb 24 07:36 01,24Feb 2025,Airtime,-100.00,"12,262.51",E-Channel,25022400100403432067589
2025 Feb 24 07:45 34,Feb 2025,Transfer to POS Transfer- SIUTO YAQUBA ADAMU,-620.00,"11,642.51",E-Channel,100004250224074538127802252344
2025 Feb 24 11:11:39,24Feb 2025,Transfer to ABUBAKAR SABITU,"-2,500.00","9,142.51",E-Channel,250224010100406575000661
2025 Feb 24 14:40 23,24 Feb 2025,Transfer to MOHAMMED ALHASSAN,"-1,000.00","8,142.51",E-Channel,250224010100409515247439
2025 Feb 24 14:46 37,Feb 2025,Transfer to SAI GODIYA FURA DA NONO,"-1,400.00","6,742.51",E-Channel,100004250224144641127828867055
2025 Feb 24 19:23 05,24Feb 2025,Airtime,-300.00,"6,442.51",E-Channel,250224100100414074746403
2025 Feb 25 09:01 12,25 Feb 2025,Airtime,-900.00,"5,542.51",E-Channel,250225100100420175073568
2025 Feb 25 10:03 27,25 Feb 2025,Transfer to POS Transfer- SIUTO YAQUBA ADAMU,-250.00,"5,292.51",E-Channel,100004250225100332127870738952
2025 Feb 25 11:55 26,25 Feb 2025,Transfer to AUWALU SHUAIBU,"-2,800.00",249251,E-Channel,250225010100422817672012
2025 Feb 25 14:17 22,25 Feb 2025,Airtime,-200.00,"2,292.51",E-Channel,250225100100424521232883
2025 Feb 25 17:08 26,25 Feb 2025,Transfer from AMEENA ILAH KAMILU,"+2,000.00","4,292.51",E-Channel,250225010100427072249023
2025 Feb 25 17:11:49,25 Feb 2025,Transfer to SKY STAR,"-4,000.00",292.51,E-Channel,100004250225171153127898234559
2025 Feb 20:42 59,25 Feb 2025,Transfer from AMEENA ILAH KAMILU,"+1,000.00","1,292.51",E-Channel,250225010100430778402836
2025 Feb 25 21:40 52,25 Feb 2025,Airtime,-217.00,"1,075.51",E-Channel,250225100100431511610761
2025 Feb 22:17 43,25 Feb 2025,Transfer to Al Ayyub Bread,"-1,000.00",75.51,E-Channel,100004250225221747127916716799
2025 Feb 26 18:27 47,26 Feb 2025,Airtime,-70.00,5.51,E-Channel,250226100100443908348704
2025 Feb 27 20:35 29,27 Feb 2025,Transfer from EaseMoni,"+8,000.00","8,005.51",E-Channel,250227010200461904349968
2025 Feb 28 05:20 59,28 Feb 2025,Airtime,-500.00,"7,505.51",E-Channel,250228100100464402605411
2025 Feb 28 11:03 06,28 Feb 2025,Transfer from ILAH ISMAIL KAMILU,"+20,000.00","27,505.51",E-Channel,000018250228120204000936726199
2025 Feb 28 11:03:11,28 Feb 2025,Electronic Money Transfer Levy,-50.00,"27,455.51",E-Channel,250228140200468874023561
2025 Feb 28 15:41 22,28 Feb 2025,Transfer from ILAH ISMAIL KAMILU,"+100,000.00","127,455.51",E-Channel,000018250228160220000936905867
2025 Feb 28 15:41 27,28 Feb 2025,Electronic Money Transfer Levy,-50.00,"127,405.51",E-Channel,250228140200473101034883
2025 Feb 28 15:46 27,28 Feb 2025,Transfer to PEGASUS NIG LTD,"-100,000.00","27,405.51",E-Channel,100004250228154632128079573133
